  -22.0000   -22.0000   -2.0000   2.0000   1.0000   0.0   0.0   0.0422
  -21.7500   -21.7500   -1.7500   2.0000   2.0000   0.0   0.0   0.0448
  -21.5000   -22.0000   -1.5000   2.0000   1.0000   0.0   0.0   0.0392
  -21.2500   -21.7500   -1.2500   2.0000   2.0000   0.0   0.0   0.0380
  -22.0000   -21.5000   -1.5000   2.0000   1.0000   0.0   0.0   0.0416
  -21.7500   -21.2500   -1.2500   2.0000   2.0000   0.0   0.0   0.0415
  -21.5000   -21.5000   -2.0000   2.0000   1.0000   0.0   0.0   0.0431
  -21.2500   -21.2500   -1.7500   2.0000   2.0000   0.0   0.0   0.0457
  -22.0000   -22.0000   -1.0000   2.0000   1.0000   0.0   0.0   0.0379
  -21.7500   -21.7500   -0.7500   2.0000   2.0000   0.0   0.0   0.0328
  -21.5000   -22.0000   -0.5000   1.0000   1.0000   0.0   0.0   0.0312
  -21.2500   -21.7500   -0.2500   2.0000   2.0000   0.0   0.0   0.0285
  -22.0000   -21.5000   -0.5000   1.0000   1.0000   0.0   0.0   0.0305
  -21.7500   -21.2500   -0.2500   1.0000   2.0000   0.0   0.0   0.0336
  -21.5000   -21.5000   -1.0000   2.0000   1.0000   0.0   0.0   0.0357
  -21.2500   -21.2500   -0.7500   2.0000   2.0000   0.0   0.0   0.0271
  -22.0000   -22.0000   0.0000   1.0000   1.0000   0.0   0.0   0.0462
  -21.7500   -21.7500   0.2500   2.0000   2.0000   0.0   0.0   0.0291
  -21.5000   -22.0000   0.5000   2.0000   1.0000   0.0   0.0   0.0502
  -21.2500   -21.7500   0.7500   2.0000   2.0000   0.0   0.0   0.0310
  -22.0000   -21.5000   0.5000   2.0000   1.0000   0.0   0.0   0.0485
  -21.7500   -21.2500   0.7500   2.0000   2.0000   0.0   0.0   0.0308
  -21.5000   -21.5000   0.0000   1.0000   1.0000   0.0   0.0   0.0505
  -21.2500   -21.2500   0.2500   2.0000   2.0000   0.0   0.0   0.0257
  -22.0000   -22.0000   1.0000   2.0000   1.0000   0.0   0.0   0.0547
  -21.7500   -21.7500   1.2500   2.0000   2.0000   0.0   0.0   0.0322
  -21.5000   -22.0000   1.5000   2.0000   1.0000   0.0   0.0   0.0565
  -21.2500   -21.7500   1.7500   2.0000   2.0000   0.0   0.0   0.0326
  -22.0000   -21.5000   1.5000   2.0000   1.0000   0.0   0.0   0.0573
  -21.7500   -21.2500   1.7500   2.0000   2.0000   0.0   0.0   0.0339
  -21.5000   -21.5000   1.0000   2.0000   1.0000   0.0   0.0   0.0511
  -21.2500   -21.2500   1.2500   2.0000   2.0000   0.0   0.0   0.0320
  -22.0000   -22.0000   2.0000   2.0000   1.0000   0.0   0.0   0.0612
  -21.7500   -21.7500   2.2500   2.0000   2.0000   0.0   0.0   0.0341
  -21.5000   -22.0000   2.5000   2.0000   1.0000   0.0   0.0   0.0610
  -21.2500   -21.7500   2.7500   2.0000   2.0000   0.0   0.0   0.0326
  -22.0000   -21.5000   2.5000   2.0000   1.0000   0.0   0.0   0.0624
  -21.7500   -21.2500   2.7500   2.0000   2.0000   0.0   0.0   0.0343
  -21.5000   -21.5000   2.0000   2.0000   1.0000   0.0   0.0   0.0582
  -21.2500   -21.2500   2.2500   2.0000   2.0000   0.0   0.0   0.0334
  -22.0000   -22.0000   3.0000   2.0000   1.0000   0.0   0.0   0.0637
  -21.7500   -21.7500   3.2500   2.0000   2.0000   0.0   0.0   0.0332
  -21.5000   -22.0000   3.5000   2.0000   1.0000   0.0   0.0   0.0628
  -21.2500   -21.7500   3.7500   2.0000   2.0000   0.0   0.0   0.0317
  -22.0000   -21.5000   3.5000   2.0000   1.0000   0.0   0.0   0.0640
  -21.7500   -21.2500   3.7500   2.0000   2.0000   0.0   0.0   0.0330
  -21.5000   -21.5000   3.0000   2.0000   1.0000   0.0   0.0   0.0614
  -21.2500   -21.2500   3.2500   2.0000   2.0000   0.0   0.0   0.0327
  -22.0000   -22.0000   4.0000   2.0000   1.0000   0.0   0.0   0.0645
  -21.7500   -21.7500   4.2500   2.0000   2.0000   0.0   0.0   0.0319
  -21.5000   -22.0000   4.5000   2.0000   1.0000   0.0   0.0   0.0637
  -21.2500   -21.7500   4.7500   2.0000   2.0000   0.0   0.0   0.0307
  -22.0000   -21.5000   4.5000   2.0000   1.0000   0.0   0.0   0.0646
  -21.7500   -21.2500   4.7500   2.0000   2.0000   0.0   0.0   0.0318
  -21.5000   -21.5000   4.0000   2.0000   1.0000   0.0   0.0   0.0628
  -21.2500   -21.2500   4.2500   2.0000   2.0000   0.0   0.0   0.0318
  -22.0000   -22.0000   5.0000   2.0000   1.0000   0.0   0.0   0.0649
  -21.7500   -21.7500   5.2500   2.0000   2.0000   0.0   0.0   0.0308
  -21.5000   -22.0000   5.5000   2.0000   1.0000   0.0   0.0   0.0641
  -21.2500   -21.7500   5.7500   2.0000   2.0000   0.0   0.0   0.0299
  -22.0000   -21.5000   5.5000   2.0000   1.0000   0.0   0.0   0.0648
  -21.7500   -21.2500   5.7500   2.0000   2.0000   0.0   0.0   0.0308
  -21.5000   -21.5000   5.0000   2.0000   1.0000   0.0   0.0   0.0635
  -21.2500   -21.2500   5.2500   2.0000   2.0000   0.0   0.0   0.0309
  -22.0000   -22.0000   6.0000   2.0000   1.0000   0.0   0.0   0.0649
  -21.7500   -21.7500   6.2500   2.0000   2.0000   0.0   0.0   0.0298
  -21.5000   -22.0000   6.5000   2.0000   1.0000   0.0   0.0   0.0643
  -21.2500   -21.7500   6.7500   2.0000   2.0000   0.0   0.0   0.0291
  -22.0000   -21.5000   6.5000   2.0000   1.0000   0.0   0.0   0.0648
  -21.7500   -21.2500   6.7500   2.0000   2.0000   0.0   0.0   0.0299
  -21.5000   -21.5000   6.0000   2.0000   1.0000   0.0   0.0   0.0639
  -21.2500   -21.2500   6.2500   2.0000   2.0000   0.0   0.0   0.0301
  -22.0000   -22.0000   7.0000   2.0000   1.0000   0.0   0.0   0.0646
  -21.5000   -21.5000   7.0000   2.0000   1.0000   0.0   0.0   0.0640
  -22.0000   -21.0000   -2.0000   2.0000   1.0000   0.0   0.0   0.0453
  -21.7500   -20.7500   -1.7500   2.0000   2.0000   0.0   0.0   0.0484
  -21.5000   -21.0000   -1.5000   2.0000   1.0000   0.0   0.0   0.0407
  -21.2500   -20.7500   -1.2500   2.0000   2.0000   0.0   0.0   0.0400
  -22.0000   -20.5000   -1.5000   2.0000   1.0000   0.0   0.0   0.0427
  -21.7500   -20.2500   -1.2500   2.0000   2.0000   0.0   0.0   0.0441
  -21.5000   -20.5000   -2.0000   2.0000   1.0000   0.0   0.0   0.0441
  -21.2500   -20.2500   -1.7500   2.0000   2.0000   0.0   0.0   0.0478
  -22.0000   -21.0000   -1.0000   2.0000   1.0000   0.0   0.0   0.0373
  -21.7500   -20.7500   -0.7500   2.0000   2.0000   0.0   0.0   0.0344
  -21.5000   -21.0000   -0.5000   1.0000   1.0000   0.0   0.0   0.0302
  -21.2500   -20.7500   -0.2500   1.0000   2.0000   0.0   0.0   0.0280
  -22.0000   -20.5000   -0.5000   1.0000   1.0000   0.0   0.0   0.0277
  -21.7500   -20.2500   -0.2500   1.0000   2.0000   0.0   0.0   0.0303
  -21.5000   -20.5000   -1.0000   2.0000   1.0000   0.0   0.0   0.0370
  -21.2500   -20.2500   -0.7500   2.0000   2.0000   0.0   0.0   0.0283
  -22.0000   -21.0000   0.0000   1.0000   1.0000   0.0   0.0   0.0436
  -21.7500   -20.7500   0.2500   2.0000   2.0000   0.0   0.0   0.0292
  -21.5000   -21.0000   0.5000   2.0000   1.0000   0.0   0.0   0.0438
  -21.2500   -20.7500   0.7500   2.0000   2.0000   0.0   0.0   0.0294
  -22.0000   -20.5000   0.5000   2.0000   1.0000   0.0   0.0   0.0450
  -21.7500   -20.2500   0.7500   2.0000   2.0000   0.0   0.0   0.0319
  -21.5000   -20.5000   0.0000   1.0000   1.0000   0.0   0.0   0.0388
  -21.2500   -20.2500   0.2500   2.0000   2.0000   0.0   0.0   0.0245
  -22.0000   -21.0000   1.0000   2.0000   1.0000   0.0   0.0   0.0509
  -21.7500   -20.7500   1.2500   2.0000   2.0000   0.0   0.0   0.0317
  -21.5000   -21.0000   1.5000   2.0000   1.0000   0.0   0.0   0.0538
  -21.2500   -20.7500   1.7500   2.0000   2.0000   0.0   0.0   0.0333
  -22.0000   -20.5000   1.5000   2.0000   1.0000   0.0   0.0   0.0539
  -21.7500   -20.2500   1.7500   2.0000   2.0000   0.0   0.0   0.0327
  -21.5000   -20.5000   1.0000   2.0000   1.0000   0.0   0.0   0.0473
  -21.2500   -20.2500   1.2500   2.0000   2.0000   0.0   0.0   0.0313
  -22.0000   -21.0000   2.0000   2.0000   1.0000   0.0   0.0   0.0594
  -21.7500   -20.7500   2.2500   2.0000   2.0000   0.0   0.0   0.0344
  -21.5000   -21.0000   2.5000   2.0000   1.0000   0.0   0.0   0.0590
  -21.2500   -20.7500   2.7500   2.0000   2.0000   0.0   0.0   0.0331
  -22.0000   -20.5000   2.5000   2.0000   1.0000   0.0   0.0   0.0604
  -21.7500   -20.2500   2.7500   2.0000   2.0000   0.0   0.0   0.0336
  -21.5000   -20.5000   2.0000   2.0000   1.0000   0.0   0.0   0.0554
  -21.2500   -20.2500   2.2500   2.0000   2.0000   0.0   0.0   0.0328
  -22.0000   -21.0000   3.0000   2.0000   1.0000   0.0   0.0   0.0628
  -21.7500   -20.7500   3.2500   2.0000   2.0000   0.0   0.0   0.0336
  -21.5000   -21.0000   3.5000   2.0000   1.0000   0.0   0.0   0.0614
  -21.2500   -20.7500   3.7500   2.0000   2.0000   0.0   0.0   0.0323
  -22.0000   -20.5000   3.5000   2.0000   1.0000   0.0   0.0   0.0630
  -21.7500   -20.2500   3.7500   2.0000   2.0000   0.0   0.0   0.0328
  -21.5000   -20.5000   3.0000   2.0000   1.0000   0.0   0.0   0.0594
  -21.2500   -20.2500   3.2500   2.0000   2.0000   0.0   0.0   0.0325
  -22.0000   -21.0000   4.0000   2.0000   1.0000   0.0   0.0   0.0640
  -21.7500   -20.7500   4.2500   2.0000   2.0000   0.0   0.0   0.0324
  -21.5000   -21.0000   4.5000   2.0000   1.0000   0.0   0.0   0.0627
  -21.2500   -20.7500   4.7500   2.0000   2.0000   0.0   0.0   0.0314
  -22.0000   -20.5000   4.5000   2.0000   1.0000   0.0   0.0   0.0641
  -21.7500   -20.2500   4.7500   2.0000   2.0000   0.0   0.0   0.0316
  -21.5000   -20.5000   4.0000   2.0000   1.0000   0.0   0.0   0.0615
  -21.2500   -20.2500   4.2500   2.0000   2.0000   0.0   0.0   0.0317
  -22.0000   -21.0000   5.0000   2.0000   1.0000   0.0   0.0   0.0645
  -21.7500   -20.7500   5.2500   2.0000   2.0000   0.0   0.0   0.0313
  -21.5000   -21.0000   5.5000   2.0000   1.0000   0.0   0.0   0.0634
  -21.2500   -20.7500   5.7500   2.0000   2.0000   0.0   0.0   0.0306
  -22.0000   -20.5000   5.5000   2.0000   1.0000   0.0   0.0   0.0645
  -21.7500   -20.2500   5.7500   2.0000   2.0000   0.0   0.0   0.0306
  -21.5000   -20.5000   5.0000   2.0000   1.0000   0.0   0.0   0.0627
  -21.2500   -20.2500   5.2500   2.0000   2.0000   0.0   0.0   0.0308
  -22.0000   -21.0000   6.0000   2.0000   1.0000   0.0   0.0   0.0647
  -21.7500   -20.7500   6.2500   2.0000   2.0000   0.0   0.0   0.0304
  -21.5000   -21.0000   6.5000   2.0000   1.0000   0.0   0.0   0.0637
  -21.2500   -20.7500   6.7500   2.0000   2.0000   0.0   0.0   0.0299
  -22.0000   -20.5000   6.5000   2.0000   1.0000   0.0   0.0   0.0646
  -21.7500   -20.2500   6.7500   2.0000   2.0000   0.0   0.0   0.0298
  -21.5000   -20.5000   6.0000   2.0000   1.0000   0.0   0.0   0.0633
  -21.2500   -20.2500   6.2500   2.0000   2.0000   0.0   0.0   0.0301
  -22.0000   -21.0000   7.0000   2.0000   1.0000   0.0   0.0   0.0645
  -21.5000   -20.5000   7.0000   2.0000   1.0000   0.0   0.0   0.0635
  -22.0000   -20.0000   -2.0000   2.0000   1.0000   0.0   0.0   0.0442
  -21.7500   -19.7500   -1.7500   2.0000   2.0000   0.0   0.0   0.0478
  -21.5000   -20.0000   -1.5000   2.0000   1.0000   0.0   0.0   0.0408
  -21.2500   -19.7500   -1.2500   2.0000   2.0000   0.0   0.0   0.0400
  -22.0000   -19.5000   -1.5000   2.0000   1.0000   0.0   0.0   0.0393
  -21.7500   -19.2500   -1.2500   2.0000   2.0000   0.0   0.0   0.0385
  -21.5000   -19.5000   -2.0000   2.0000   1.0000   0.0   0.0   0.0432
  -21.2500   -19.2500   -1.7500   2.0000   2.0000   0.0   0.0   0.0471
  -22.0000   -20.0000   -1.0000   2.0000   1.0000   0.0   0.0   0.0365
  -21.7500   -19.7500   -0.7500   2.0000   2.0000   0.0   0.0   0.0301
  -21.5000   -20.0000   -0.5000   1.0000   1.0000   0.0   0.0   0.0274
  -21.2500   -19.7500   -0.2500   1.0000   2.0000   0.0   0.0   0.0263
  -22.0000   -19.5000   -0.5000   1.0000   1.0000   0.0   0.0   0.0284
  -21.7500   -19.2500   -0.2500   1.0000   2.0000   0.0   0.0   0.0289
  -21.5000   -19.5000   -1.0000   2.0000   1.0000   0.0   0.0   0.0339
  -21.2500   -19.2500   -0.7500   2.0000   2.0000   0.0   0.0   0.0280
  -22.0000   -20.0000   0.0000   1.0000   1.0000   0.0   0.0   0.0355
  -21.7500   -19.7500   0.2500   2.0000   2.0000   0.0   0.0   0.0262
  -21.5000   -20.0000   0.5000   2.0000   1.0000   0.0   0.0   0.0390
  -21.2500   -19.7500   0.7500   2.0000   2.0000   0.0   0.0   0.0297
  -22.0000   -19.5000   0.5000   2.0000   1.0000   0.0   0.0   0.0400
  -21.7500   -19.2500   0.7500   2.0000   2.0000   0.0   0.0   0.0294
  -21.5000   -19.5000   0.0000   1.0000   1.0000   0.0   0.0   0.0326
  -21.2500   -19.2500   0.2500   2.0000   2.0000   0.0   0.0   0.0249
  -22.0000   -20.0000   1.0000   2.0000   1.0000   0.0   0.0   0.0483
  -21.7500   -19.7500   1.2500   2.0000   2.0000   0.0   0.0   0.0312
  -21.5000   -20.0000   1.5000   2.0000   1.0000   0.0   0.0   0.0501
  -21.2500   -19.7500   1.7500   2.0000   2.0000   0.0   0.0   0.0315
  -22.0000   -19.5000   1.5000   2.0000   1.0000   0.0   0.0   0.0504
  -21.7500   -19.2500   1.7500   2.0000   2.0000   0.0   0.0   0.0312
  -21.5000   -19.5000   1.0000   2.0000   1.0000   0.0   0.0   0.0424
  -21.2500   -19.2500   1.2500   2.0000   2.0000   0.0   0.0   0.0292
  -22.0000   -20.0000   2.0000   2.0000   1.0000   0.0   0.0   0.0561
  -21.7500   -19.7500   2.2500   2.0000   2.0000   0.0   0.0   0.0326
  -21.5000   -20.0000   2.5000   2.0000   1.0000   0.0   0.0   0.0563
  -21.2500   -19.7500   2.7500   2.0000   2.0000   0.0   0.0   0.0322
  -22.0000   -19.5000   2.5000   2.0000   1.0000   0.0   0.0   0.0580
  -21.7500   -19.2500   2.7500   2.0000   2.0000   0.0   0.0   0.0322
  -21.5000   -19.5000   2.0000   2.0000   1.0000   0.0   0.0   0.0521
  -21.2500   -19.2500   2.2500   2.0000   2.0000   0.0   0.0   0.0314
  -22.0000   -20.0000   3.0000   2.0000   1.0000   0.0   0.0   0.0611
  -21.7500   -19.7500   3.2500   2.0000   2.0000   0.0   0.0   0.0328
  -21.5000   -20.0000   3.5000   2.0000   1.0000   0.0   0.0   0.0599
  -21.2500   -19.7500   3.7500   2.0000   2.0000   0.0   0.0   0.0317
  -22.0000   -19.5000   3.5000   2.0000   1.0000   0.0   0.0   0.0620
  -21.7500   -19.2500   3.7500   2.0000   2.0000   0.0   0.0   0.0318
  -21.5000   -19.5000   3.0000   2.0000   1.0000   0.0   0.0   0.0576
  -21.2500   -19.2500   3.2500   2.0000   2.0000   0.0   0.0   0.0315
  -22.0000   -20.0000   4.0000   2.0000   1.0000   0.0   0.0   0.0633
  -21.7500   -19.7500   4.2500   2.0000   2.0000   0.0   0.0   0.0318
  -21.5000   -20.0000   4.5000   2.0000   1.0000   0.0   0.0   0.0618
  -21.2500   -19.7500   4.7500   2.0000   2.0000   0.0   0.0   0.0309
  -22.0000   -19.5000   4.5000   2.0000   1.0000   0.0   0.0   0.0637
  -21.7500   -19.2500   4.7500   2.0000   2.0000   0.0   0.0   0.0308
  -21.5000   -19.5000   4.0000   2.0000   1.0000   0.0   0.0   0.0606
  -21.2500   -19.2500   4.2500   2.0000   2.0000   0.0   0.0   0.0309
  -22.0000   -20.0000   5.0000   2.0000   1.0000   0.0   0.0   0.0642
  -21.7500   -19.7500   5.2500   2.0000   2.0000   0.0   0.0   0.0308
  -21.5000   -20.0000   5.5000   2.0000   1.0000   0.0   0.0   0.0628
  -21.2500   -19.7500   5.7500   2.0000   2.0000   0.0   0.0   0.0302
  -22.0000   -19.5000   5.5000   2.0000   1.0000   0.0   0.0   0.0645
  -21.7500   -19.2500   5.7500   2.0000   2.0000   0.0   0.0   0.0299
  -21.5000   -19.5000   5.0000   2.0000   1.0000   0.0   0.0   0.0621
  -21.2500   -19.2500   5.2500   2.0000   2.0000   0.0   0.0   0.0301
  -22.0000   -20.0000   6.0000   2.0000   1.0000   0.0   0.0   0.0646
  -21.7500   -19.7500   6.2500   2.0000   2.0000   0.0   0.0   0.0299
  -21.5000   -20.0000   6.5000   2.0000   1.0000   0.0   0.0   0.0633
  -21.2500   -19.7500   6.7500   2.0000   2.0000   0.0   0.0   0.0295
  -22.0000   -19.5000   6.5000   2.0000   1.0000   0.0   0.0   0.0648
  -21.7500   -19.2500   6.7500   2.0000   2.0000   0.0   0.0   0.0292
  -21.5000   -19.5000   6.0000   2.0000   1.0000   0.0   0.0   0.0630
  -21.2500   -19.2500   6.2500   2.0000   2.0000   0.0   0.0   0.0295
  -22.0000   -20.0000   7.0000   2.0000   1.0000   0.0   0.0   0.0646
  -21.5000   -19.5000   7.0000   2.0000   1.0000   0.0   0.0   0.0635
  -22.0000   -19.0000   -2.0000   2.0000   1.0000   0.0   0.0   0.0422
  -21.7500   -18.7500   -1.7500   2.0000   2.0000   0.0   0.0   0.0467
  -21.5000   -19.0000   -1.5000   2.0000   1.0000   0.0   0.0   0.0387
  -21.2500   -18.7500   -1.2500   2.0000   2.0000   0.0   0.0   0.0408
  -22.0000   -18.5000   -1.5000   2.0000   1.0000   0.0   0.0   0.0366
  -21.7500   -18.2500   -1.2500   2.0000   2.0000   0.0   0.0   0.0361
  -21.5000   -18.5000   -2.0000   2.0000   1.0000   0.0   0.0   0.0415
  -21.2500   -18.2500   -1.7500   2.0000   2.0000   0.0   0.0   0.0465
  -22.0000   -19.0000   -1.0000   2.0000   1.0000   0.0   0.0   0.0322
  -21.7500   -18.7500   -0.7500   2.0000   2.0000   0.0   0.0   0.0290
  -21.5000   -19.0000   -0.5000   1.0000   1.0000   0.0   0.0   0.0271
  -21.2500   -18.7500   -0.2500   2.0000   2.0000   0.0   0.0   0.0292
  -22.0000   -18.5000   -0.5000   1.0000   1.0000   0.0   0.0   0.0311
  -21.7500   -18.2500   -0.2500   2.0000   2.0000   0.0   0.0   0.0277
  -21.5000   -18.5000   -1.0000   2.0000   1.0000   0.0   0.0   0.0333
  -21.2500   -18.2500   -0.7500   2.0000   2.0000   0.0   0.0   0.0262
  -22.0000   -19.0000   0.0000   1.0000   1.0000   0.0   0.0   0.0313
  -21.7500   -18.7500   0.2500   2.0000   2.0000   0.0   0.0   0.0254
  -21.5000   -19.0000   0.5000   2.0000   1.0000   0.0   0.0   0.0355
  -21.2500   -18.7500   0.7500   2.0000   2.0000   0.0   0.0   0.0285
  -22.0000   -18.5000   0.5000   2.0000   1.0000   0.0   0.0   0.0377
  -21.7500   -18.2500   0.7500   2.0000   2.0000   0.0   0.0   0.0264
  -21.5000   -18.5000   0.0000   1.0000   1.0000   0.0   0.0   0.0325
  -21.2500   -18.2500   0.2500   2.0000   2.0000   0.0   0.0   0.0239
  -22.0000   -19.0000   1.0000   2.0000   1.0000   0.0   0.0   0.0441
  -21.7500   -18.7500   1.2500   2.0000   2.0000   0.0   0.0   0.0297
  -21.5000   -19.0000   1.5000   2.0000   1.0000   0.0   0.0   0.0459
  -21.2500   -18.7500   1.7500   2.0000   2.0000   0.0   0.0   0.0295
  -22.0000   -18.5000   1.5000   2.0000   1.0000   0.0   0.0   0.0484
  -21.7500   -18.2500   1.7500   2.0000   2.0000   0.0   0.0   0.0296
  -21.5000   -18.5000   1.0000   2.0000   1.0000   0.0   0.0   0.0396
  -21.2500   -18.2500   1.2500   2.0000   2.0000   0.0   0.0   0.0271
  -22.0000   -19.0000   2.0000   2.0000   1.0000   0.0   0.0   0.0535
  -21.7500   -18.7500   2.2500   2.0000   2.0000   0.0   0.0   0.0311
  -21.5000   -19.0000   2.5000   2.0000   1.0000   0.0   0.0   0.0544
  -21.2500   -18.7500   2.7500   2.0000   2.0000   0.0   0.0   0.0310
  -22.0000   -18.5000   2.5000   2.0000   1.0000   0.0   0.0   0.0563
  -21.7500   -18.2500   2.7500   2.0000   2.0000   0.0   0.0   0.0307
  -21.5000   -18.5000   2.0000   2.0000   1.0000   0.0   0.0   0.0496
  -21.2500   -18.2500   2.2500   2.0000   2.0000   0.0   0.0   0.0298
  -22.0000   -19.0000   3.0000   2.0000   1.0000   0.0   0.0   0.0598
  -21.7500   -18.7500   3.2500   2.0000   2.0000   0.0   0.0   0.0315
  -21.5000   -19.0000   3.5000   2.0000   1.0000   0.0   0.0   0.0589
  -21.2500   -18.7500   3.7500   2.0000   2.0000   0.0   0.0   0.0307
  -22.0000   -18.5000   3.5000   2.0000   1.0000   0.0   0.0   0.0614
  -21.7500   -18.2500   3.7500   2.0000   2.0000   0.0   0.0   0.0305
  -21.5000   -18.5000   3.0000   2.0000   1.0000   0.0   0.0   0.0565
  -21.2500   -18.2500   3.2500   2.0000   2.0000   0.0   0.0   0.0303
  -22.0000   -19.0000   4.0000   2.0000   1.0000   0.0   0.0   0.0629
  -21.7500   -18.7500   4.2500   2.0000   2.0000   0.0   0.0   0.0307
  -21.5000   -19.0000   4.5000   2.0000   1.0000   0.0   0.0   0.0613
  -21.2500   -18.7500   4.7500   2.0000   2.0000   0.0   0.0   0.0300
  -22.0000   -18.5000   4.5000   2.0000   1.0000   0.0   0.0   0.0638
  -21.7500   -18.2500   4.7500   2.0000   2.0000   0.0   0.0   0.0298
  -21.5000   -18.5000   4.0000   2.0000   1.0000   0.0   0.0   0.0601
  -21.2500   -18.2500   4.2500   2.0000   2.0000   0.0   0.0   0.0298
  -22.0000   -19.0000   5.0000   2.0000   1.0000   0.0   0.0   0.0643
  -21.7500   -18.7500   5.2500   2.0000   2.0000   0.0   0.0   0.0299
  -21.5000   -19.0000   5.5000   2.0000   1.0000   0.0   0.0   0.0627
  -21.2500   -18.7500   5.7500   2.0000   2.0000   0.0   0.0   0.0294
  -22.0000   -18.5000   5.5000   2.0000   1.0000   0.0   0.0   0.0651
  -21.7500   -18.2500   5.7500   2.0000   2.0000   0.0   0.0   0.0291
  -21.5000   -18.5000   5.0000   2.0000   1.0000   0.0   0.0   0.0621
  -21.2500   -18.2500   5.2500   2.0000   2.0000   0.0   0.0   0.0293
  -22.0000   -19.0000   6.0000   2.0000   1.0000   0.0   0.0   0.0650
  -21.7500   -18.7500   6.2500   2.0000   2.0000   0.0   0.0   0.0292
  -21.5000   -19.0000   6.5000   2.0000   1.0000   0.0   0.0   0.0635
  -21.2500   -18.7500   6.7500   2.0000   2.0000   0.0   0.0   0.0290
  -22.0000   -18.5000   6.5000   2.0000   1.0000   0.0   0.0   0.0658
  -21.7500   -18.2500   6.7500   2.0000   2.0000   0.0   0.0   0.0286
  -21.5000   -18.5000   6.0000   2.0000   1.0000   0.0   0.0   0.0635
  -21.2500   -18.2500   6.2500   2.0000   2.0000   0.0   0.0   0.0289
  -22.0000   -19.0000   7.0000   2.0000   1.0000   0.0   0.0   0.0653
  -21.5000   -18.5000   7.0000   2.0000   1.0000   0.0   0.0   0.0643
  -22.0000   -18.0000   -2.0000   2.0000   1.0000   0.0   0.0   0.0402
  -21.7500   -17.7500   -1.7500   2.0000   2.0000   0.0   0.0   0.0453
  -21.5000   -18.0000   -1.5000   2.0000   1.0000   0.0   0.0   0.0364
  -21.2500   -17.7500   -1.2500   2.0000   2.0000   0.0   0.0   0.0381
  -22.0000   -17.5000   -1.5000   2.0000   1.0000   0.0   0.0   0.0348
  -21.7500   -17.2500   -1.2500   2.0000   2.0000   0.0   0.0   0.0329
  -21.5000   -17.5000   -2.0000   2.0000   1.0000   0.0   0.0   0.0400
  -21.2500   -17.2500   -1.7500   2.0000   2.0000   0.0   0.0   0.0454
  -22.0000   -18.0000   -1.0000   2.0000   1.0000   0.0   0.0   0.0309
  -21.7500   -17.7500   -0.7500   2.0000   2.0000   0.0   0.0   0.0257
  -21.5000   -18.0000   -0.5000   1.0000   1.0000   0.0   0.0   0.0255
  -21.2500   -17.7500   -0.2500   2.0000   2.0000   0.0   0.0   0.0258
  -22.0000   -17.5000   -0.5000   1.0000   1.0000   0.0   0.0   0.0308
  -21.7500   -17.2500   -0.2500   2.0000   2.0000   0.0   0.0   0.0263
  -21.5000   -17.5000   -1.0000   2.0000   1.0000   0.0   0.0   0.0295
  -21.2500   -17.2500   -0.7500   2.0000   2.0000   0.0   0.0   0.0235
  -22.0000   -18.0000   0.0000   1.0000   1.0000   0.0   0.0   0.0313
  -21.7500   -17.7500   0.2500   2.0000   2.0000   0.0   0.0   0.0229
  -21.5000   -18.0000   0.5000   2.0000   1.0000   0.0   0.0   0.0351
  -21.2500   -17.7500   0.7500   2.0000   2.0000   0.0   0.0   0.0271
  -22.0000   -17.5000   0.5000   2.0000   1.0000   0.0   0.0   0.0368
  -21.7500   -17.2500   0.7500   2.0000   2.0000   0.0   0.0   0.0238
  -21.5000   -17.5000   0.0000   1.0000   1.0000   0.0   0.0   0.0291
  -21.2500   -17.2500   0.2500   2.0000   2.0000   0.0   0.0   0.0208
  -22.0000   -18.0000   1.0000   2.0000   1.0000   0.0   0.0   0.0433
  -21.7500   -17.7500   1.2500   2.0000   2.0000   0.0   0.0   0.0281
  -21.5000   -18.0000   1.5000   2.0000   1.0000   0.0   0.0   0.0443
  -21.2500   -17.7500   1.7500   2.0000   2.0000   0.0   0.0   0.0283
  -22.0000   -17.5000   1.5000   2.0000   1.0000   0.0   0.0   0.0471
  -21.7500   -17.2500   1.7500   2.0000   2.0000   0.0   0.0   0.0282
  -21.5000   -17.5000   1.0000   2.0000   1.0000   0.0   0.0   0.0392
  -21.2500   -17.2500   1.2500   2.0000   2.0000   0.0   0.0   0.0271
  -22.0000   -18.0000   2.0000   2.0000   1.0000   0.0   0.0   0.0519
  -21.7500   -17.7500   2.2500   2.0000   2.0000   0.0   0.0   0.0295
  -21.5000   -18.0000   2.5000   2.0000   1.0000   0.0   0.0   0.0528
  -21.2500   -17.7500   2.7500   2.0000   2.0000   0.0   0.0   0.0294
  -22.0000   -17.5000   2.5000   2.0000   1.0000   0.0   0.0   0.0556
  -21.7500   -17.2500   2.7500   2.0000   2.0000   0.0   0.0   0.0290
  -21.5000   -17.5000   2.0000   2.0000   1.0000   0.0   0.0   0.0484
  -21.2500   -17.2500   2.2500   2.0000   2.0000   0.0   0.0   0.0282
  -22.0000   -18.0000   3.0000   2.0000   1.0000   0.0   0.0   0.0589
  -21.7500   -17.7500   3.2500   2.0000   2.0000   0.0   0.0   0.0299
  -21.5000   -18.0000   3.5000   2.0000   1.0000   0.0   0.0   0.0582
  -21.2500   -17.7500   3.7500   2.0000   2.0000   0.0   0.0   0.0294
  -22.0000   -17.5000   3.5000   2.0000   1.0000   0.0   0.0   0.0611
  -21.7500   -17.2500   3.7500   2.0000   2.0000   0.0   0.0   0.0290
  -21.5000   -17.5000   3.0000   2.0000   1.0000   0.0   0.0   0.0555
  -21.2500   -17.2500   3.2500   2.0000   2.0000   0.0   0.0   0.0287
  -22.0000   -18.0000   4.0000   2.0000   1.0000   0.0   0.0   0.0629
  -21.7500   -17.7500   4.2500   2.0000   2.0000   0.0   0.0   0.0295
  -21.5000   -18.0000   4.5000   2.0000   1.0000   0.0   0.0   0.0612
  -21.2500   -17.7500   4.7500   2.0000   2.0000   0.0   0.0   0.0290
  -22.0000   -17.5000   4.5000   2.0000   1.0000   0.0   0.0   0.0642
  -21.7500   -17.2500   4.7500   2.0000   2.0000   0.0   0.0   0.0285
  -21.5000   -17.5000   4.0000   2.0000   1.0000   0.0   0.0   0.0598
  -21.2500   -17.2500   4.2500   2.0000   2.0000   0.0   0.0   0.0286
  -22.0000   -18.0000   5.0000   2.0000   1.0000   0.0   0.0   0.0649
  -21.7500   -17.7500   5.2500   2.0000   2.0000   0.0   0.0   0.0289
  -21.5000   -18.0000   5.5000   2.0000   1.0000   0.0   0.0   0.0632
  -21.2500   -17.7500   5.7500   2.0000   2.0000   0.0   0.0   0.0287
  -22.0000   -17.5000   5.5000   2.0000   1.0000   0.0   0.0   0.0661
  -21.7500   -17.2500   5.7500   2.0000   2.0000   0.0   0.0   0.0282
  -21.5000   -17.5000   5.0000   2.0000   1.0000   0.0   0.0   0.0625
  -21.2500   -17.2500   5.2500   2.0000   2.0000   0.0   0.0   0.0284
  -22.0000   -18.0000   6.0000   2.0000   1.0000   0.0   0.0   0.0661
  -21.7500   -17.7500   6.2500   2.0000   2.0000   0.0   0.0   0.0284
  -21.5000   -18.0000   6.5000   2.0000   1.0000   0.0   0.0   0.0646
  -21.2500   -17.7500   6.7500   2.0000   2.0000   0.0   0.0   0.0284
  -22.0000   -17.5000   6.5000   2.0000   1.0000   0.0   0.0   0.0674
  -21.7500   -17.2500   6.7500   2.0000   2.0000   0.0   0.0   0.0279
  -21.5000   -17.5000   6.0000   2.0000   1.0000   0.0   0.0   0.0646
  -21.2500   -17.2500   6.2500   2.0000   2.0000   0.0   0.0   0.0282
  -22.0000   -18.0000   7.0000   2.0000   1.0000   0.0   0.0   0.0668
  -21.5000   -17.5000   7.0000   2.0000   1.0000   0.0   0.0   0.0659
  -22.0000   -17.0000   -2.0000   2.0000   1.0000   0.0   0.0   0.0375
  -21.7500   -16.7500   -1.7500   2.0000   2.0000   0.0   0.0   0.0414
  -21.5000   -17.0000   -1.5000   2.0000   1.0000   0.0   0.0   0.0346
  -21.2500   -16.7500   -1.2500   2.0000   2.0000   0.0   0.0   0.0345
  -22.0000   -16.5000   -1.5000   2.0000   1.0000   0.0   0.0   0.0333
  -21.7500   -16.2500   -1.2500   2.0000   2.0000   0.0   0.0   0.0247
  -21.5000   -16.5000   -2.0000   2.0000   1.0000   0.0   0.0   0.0378
  -21.2500   -16.2500   -1.7500   2.0000   2.0000   0.0   0.0   0.0420
  -22.0000   -17.0000   -1.0000   2.0000   1.0000   0.0   0.0   0.0320
  -21.7500   -16.7500   -0.7500   2.0000   2.0000   0.0   0.0   0.0203
  -21.5000   -17.0000   -0.5000   1.0000   1.0000   0.0   0.0   0.0276
  -21.2500   -16.7500   -0.2500   2.0000   2.0000   0.0   0.0   0.0223
  -22.0000   -16.5000   -0.5000   1.0000   1.0000   0.0   0.0   0.0210
  -21.7500   -16.2500   -0.2500   1.0000   2.0000   0.0   0.0   0.0186
  -21.5000   -16.5000   -1.0000   2.0000   1.0000   0.0   0.0   0.0262
  -21.2500   -16.2500   -0.7500   2.0000   2.0000   0.0   0.0   0.0207
  -22.0000   -17.0000   0.0000   1.0000   1.0000   0.0   0.0   0.0314
  -21.7500   -16.7500   0.2500   2.0000   2.0000   0.0   0.0   0.0197
  -21.5000   -17.0000   0.5000   2.0000   1.0000   0.0   0.0   0.0336
  -21.2500   -16.7500   0.7500   2.0000   2.0000   0.0   0.0   0.0262
  -22.0000   -16.5000   0.5000   2.0000   1.0000   0.0   0.0   0.0303
  -21.7500   -16.2500   0.7500   2.0000   2.0000   0.0   0.0   0.0200
  -21.5000   -16.5000   0.0000   1.0000   1.0000   0.0   0.0   0.0230
  -21.2500   -16.2500   0.2500   2.0000   2.0000   0.0   0.0   0.0183
  -22.0000   -17.0000   1.0000   2.0000   1.0000   0.0   0.0   0.0407
  -21.7500   -16.7500   1.2500   2.0000   2.0000   0.0   0.0   0.0254
  -21.5000   -17.0000   1.5000   2.0000   1.0000   0.0   0.0   0.0434
  -21.2500   -16.7500   1.7500   2.0000   2.0000   0.0   0.0   0.0267
  -22.0000   -16.5000   1.5000   2.0000   1.0000   0.0   0.0   0.0471
  -21.7500   -16.2500   1.7500   2.0000   2.0000   0.0   0.0   0.0263
  -21.5000   -16.5000   1.0000   2.0000   1.0000   0.0   0.0   0.0375
  -21.2500   -16.2500   1.2500   2.0000   2.0000   0.0   0.0   0.0250
  -22.0000   -17.0000   2.0000   2.0000   1.0000   0.0   0.0   0.0517
  -21.7500   -16.7500   2.2500   2.0000   2.0000   0.0   0.0   0.0278
  -21.5000   -17.0000   2.5000   2.0000   1.0000   0.0   0.0   0.0520
  -21.2500   -16.7500   2.7500   2.0000   2.0000   0.0   0.0   0.0278
  -22.0000   -16.5000   2.5000   2.0000   1.0000   0.0   0.0   0.0555
  -21.7500   -16.2500   2.7500   2.0000   2.0000   0.0   0.0   0.0271
  -21.5000   -16.5000   2.0000   2.0000   1.0000   0.0   0.0   0.0480
  -21.2500   -16.2500   2.2500   2.0000   2.0000   0.0   0.0   0.0266
  -22.0000   -17.0000   3.0000   2.0000   1.0000   0.0   0.0   0.0587
  -21.7500   -16.7500   3.2500   2.0000   2.0000   0.0   0.0   0.0282
  -21.5000   -17.0000   3.5000   2.0000   1.0000   0.0   0.0   0.0576
  -21.2500   -16.7500   3.7500   2.0000   2.0000   0.0   0.0   0.0279
  -22.0000   -16.5000   3.5000   2.0000   1.0000   0.0   0.0   0.0608
  -21.7500   -16.2500   3.7500   2.0000   2.0000   0.0   0.0   0.0271
  -21.5000   -16.5000   3.0000   2.0000   1.0000   0.0   0.0   0.0547
  -21.2500   -16.2500   3.2500   2.0000   2.0000   0.0   0.0   0.0269
  -22.0000   -17.0000   4.0000   2.0000   1.0000   0.0   0.0   0.0629
  -21.7500   -16.7500   4.2500   2.0000   2.0000   0.0   0.0   0.0280
  -21.5000   -17.0000   4.5000   2.0000   1.0000   0.0   0.0   0.0613
  -21.2500   -16.7500   4.7500   2.0000   2.0000   0.0   0.0   0.0279
  -22.0000   -16.5000   4.5000   2.0000   1.0000   0.0   0.0   0.0646
  -21.7500   -16.2500   4.7500   2.0000   2.0000   0.0   0.0   0.0271
  -21.5000   -16.5000   4.0000   2.0000   1.0000   0.0   0.0   0.0594
  -21.2500   -16.2500   4.2500   2.0000   2.0000   0.0   0.0   0.0271
  -22.0000   -17.0000   5.0000   2.0000   1.0000   0.0   0.0   0.0657
  -21.7500   -16.7500   5.2500   2.0000   2.0000   0.0   0.0   0.0278
  -21.5000   -17.0000   5.5000   2.0000   1.0000   0.0   0.0   0.0642
  -21.2500   -16.7500   5.7500   2.0000   2.0000   0.0   0.0   0.0278
  -22.0000   -16.5000   5.5000   2.0000   1.0000   0.0   0.0   0.0675
  -21.7500   -16.2500   5.7500   2.0000   2.0000   0.0   0.0   0.0272
  -21.5000   -16.5000   5.0000   2.0000   1.0000   0.0   0.0   0.0632
  -21.2500   -16.2500   5.2500   2.0000   2.0000   0.0   0.0   0.0273
  -22.0000   -17.0000   6.0000   2.0000   1.0000   0.0   0.0   0.0677
  -21.7500   -16.7500   6.2500   2.0000   2.0000   0.0   0.0   0.0277
  -21.5000   -17.0000   6.5000   2.0000   1.0000   0.0   0.0   0.0662
  -21.2500   -16.7500   6.7500   2.0000   2.0000   0.0   0.0   0.0278
  -22.0000   -16.5000   6.5000   2.0000   1.0000   0.0   0.0   0.0694
  -21.7500   -16.2500   6.7500   2.0000   2.0000   0.0   0.0   0.0272
  -21.5000   -16.5000   6.0000   2.0000   1.0000   0.0   0.0   0.0661
  -21.2500   -16.2500   6.2500   2.0000   2.0000   0.0   0.0   0.0274
  -22.0000   -17.0000   7.0000   2.0000   1.0000   0.0   0.0   0.0689
  -21.5000   -16.5000   7.0000   2.0000   1.0000   0.0   0.0   0.0680
  -22.0000   -16.0000   -2.0000   2.0000   1.0000   0.0   0.0   0.0352
  -21.7500   -15.7500   -1.7500   2.0000   2.0000   0.0   0.0   0.0343
  -21.5000   -16.0000   -1.5000   2.0000   1.0000   0.0   0.0   0.0308
  -21.2500   -15.7500   -1.2500   2.0000   2.0000   0.0   0.0   0.0317
  -22.0000   -15.5000   -1.5000   2.0000   1.0000   0.0   0.0   0.0295
  -21.7500   -15.2500   -1.2500   2.0000   2.0000   0.0   0.0   0.0213
  -21.5000   -15.5000   -2.0000   2.0000   1.0000   0.0   0.0   0.0323
  -21.2500   -15.2500   -1.7500   2.0000   2.0000   0.0   0.0   0.0336
  -22.0000   -16.0000   -1.0000   2.0000   1.0000   0.0   0.0   0.0251
  -21.7500   -15.7500   -0.7500   2.0000   2.0000   0.0   0.0   0.0148
  -21.5000   -16.0000   -0.5000   1.0000   1.0000   0.0   0.0   0.0210
  -21.2500   -15.7500   -0.2500   2.0000   2.0000   0.0   0.0   0.0188
  -22.0000   -15.5000   -0.5000   1.0000   1.0000   0.0   0.0   0.0237
  -21.7500   -15.2500   -0.2500   2.0000   2.0000   0.0   0.0   0.0165
  -21.5000   -15.5000   -1.0000   2.0000   1.0000   0.0   0.0   0.0261
  -21.2500   -15.2500   -0.7500   2.0000   2.0000   0.0   0.0   0.0149
  -22.0000   -16.0000   0.0000   1.0000   1.0000   0.0   0.0   0.0277
  -21.7500   -15.7500   0.2500   2.0000   2.0000   0.0   0.0   0.0151
  -21.5000   -16.0000   0.5000   2.0000   1.0000   0.0   0.0   0.0271
  -21.2500   -15.7500   0.7500   2.0000   2.0000   0.0   0.0   0.0216
  -22.0000   -15.5000   0.5000   2.0000   1.0000   0.0   0.0   0.0348
  -21.7500   -15.2500   0.7500   2.0000   2.0000   0.0   0.0   0.0196
  -21.5000   -15.5000   0.0000   1.0000   1.0000   0.0   0.0   0.0226
  -21.2500   -15.2500   0.2500   2.0000   2.0000   0.0   0.0   0.0145
  -22.0000   -16.0000   1.0000   2.0000   1.0000   0.0   0.0   0.0390
  -21.7500   -15.7500   1.2500   2.0000   2.0000   0.0   0.0   0.0231
  -21.5000   -16.0000   1.5000   2.0000   1.0000   0.0   0.0   0.0432
  -21.2500   -15.7500   1.7500   2.0000   2.0000   0.0   0.0   0.0250
  -22.0000   -15.5000   1.5000   2.0000   1.0000   0.0   0.0   0.0441
  -21.7500   -15.2500   1.7500   2.0000   2.0000   0.0   0.0   0.0223
  -21.5000   -15.5000   1.0000   2.0000   1.0000   0.0   0.0   0.0354
  -21.2500   -15.2500   1.2500   2.0000   2.0000   0.0   0.0   0.0213
  -22.0000   -16.0000   2.0000   2.0000   1.0000   0.0   0.0   0.0514
  -21.7500   -15.7500   2.2500   2.0000   2.0000   0.0   0.0   0.0255
  -21.5000   -16.0000   2.5000   2.0000   1.0000   0.0   0.0   0.0511
  -21.2500   -15.7500   2.7500   2.0000   2.0000   0.0   0.0   0.0256
  -22.0000   -15.5000   2.5000   2.0000   1.0000   0.0   0.0   0.0542
  -21.7500   -15.2500   2.7500   2.0000   2.0000   0.0   0.0   0.0243
  -21.5000   -15.5000   2.0000   2.0000   1.0000   0.0   0.0   0.0461
  -21.2500   -15.2500   2.2500   2.0000   2.0000   0.0   0.0   0.0236
  -22.0000   -16.0000   3.0000   2.0000   1.0000   0.0   0.0   0.0581
  -21.7500   -15.7500   3.2500   2.0000   2.0000   0.0   0.0   0.0259
  -21.5000   -16.0000   3.5000   2.0000   1.0000   0.0   0.0   0.0567
  -21.2500   -15.7500   3.7500   2.0000   2.0000   0.0   0.0   0.0260
  -22.0000   -15.5000   3.5000   2.0000   1.0000   0.0   0.0   0.0600
  -21.7500   -15.2500   3.7500   2.0000   2.0000   0.0   0.0   0.0248
  -21.5000   -15.5000   3.0000   2.0000   1.0000   0.0   0.0   0.0532
  -21.2500   -15.2500   3.2500   2.0000   2.0000   0.0   0.0   0.0246
  -22.0000   -16.0000   4.0000   2.0000   1.0000   0.0   0.0   0.0627
  -21.7500   -15.7500   4.2500   2.0000   2.0000   0.0   0.0   0.0261
  -21.5000   -16.0000   4.5000   2.0000   1.0000   0.0   0.0   0.0615
  -21.2500   -15.7500   4.7500   2.0000   2.0000   0.0   0.0   0.0264
  -22.0000   -15.5000   4.5000   2.0000   1.0000   0.0   0.0   0.0648
  -21.7500   -15.2500   4.7500   2.0000   2.0000   0.0   0.0   0.0253
  -21.5000   -15.5000   4.0000   2.0000   1.0000   0.0   0.0   0.0589
  -21.2500   -15.2500   4.2500   2.0000   2.0000   0.0   0.0   0.0253